-26,-2,279,279,-12,-198,-34,47,-10,5
-26,-2,279,279,-12,-198,-33,42,-11,10
-20,7,280,279,-12,-198,-24,14,-8,33
-22,7,276,279,-12,-198,-39,51,5,33
-21,10,280,279,-23,-194,-55,66,9,33
-21,8,271,272,-22,-184,-21,15,7,32
-14,10,275,272,-22,-184,-16,31,8,33
-22,8,271,281,-20,-193,-43,31,7,32
-19,7,279,281,-20,-193,-29,35,12,34
-16,7,274,279,-19,-196,-25,42,16,33
-21,2,274,279,-19,-196,-55,76,28,34
-20,10,277,283,-18,-194,-41,94,35,34
-19,9,274,279,-19,-198,-40,48,33,34
-15,8,267,279,-19,-198,-60,29,38,32
-18,8,267,277,-18,-181,-48,18,38,34
-15,7,271,277,-18,-181,-63,39,24,34
-18,4,270,279,-20,-189,-11,3,-13,33
-21,9,269,279,-20,-189,-33,-42,-8,35
-26,6,268,284,-18,-212,-82,46,30,33
-23,10,283,283,-26,-194,-57,63,27,35
-22,11,278,283,-26,-194,-57,64,14,34
-19,10,284,286,-25,-190,-51,48,2,33
-20,12,277,286,-25,-190,2,53,-3,32
-23,13,271,281,-19,-196,-29,50,4,33
-16,7,274,275,-21,-189,-27,43,-7,34
-19,11,268,275,-21,-189,15,49,-35,34
-16,11,263,272,-17,-181,45,18,-56,35
-17,12,275,272,-17,-181,-35,91,-16,35
-19,10,267,275,-20,-193,-31,70,-15,36
-17,11,279,279,-23,-197,-13,80,-9,35
-21,9,275,279,-23,-197,-57,100,1,33
-15,7,270,277,-23,-196,-46,122,9,33
-19,6,279,277,-23,-196,-58,59,10,32
-19,9,276,272,-24,-191,-72,31,17,34
-14,14,271,272,-24,-191,-51,-62,10,35
-18,15,276,275,-23,-193,-72,-81,14,36
-16,7,274,280,-19,-196,-55,-29,21,35
-17,9,273,280,-19,-196,-47,-39,3,33
-21,7,275,279,-15,-201,-43,-73,-2,35
-22,11,276,279,-15,-201,-33,-50,-10,36
-16,11,272,276,-14,-181,-21,-24,-36,37
-24,8,269,276,-9,-196,-25,-9,-31,33
-25,15,275,276,-9,-196,-33,-44,-13,34
-20,14,260,286,-18,-205,-58,-69,-6,36
-28,8,279,286,-18,-205,-54,-168,3,34
-30,14,277,288,-12,-212,-44,-269,3,36
-40,10,275,277,-9,-198,-37,-229,-3,35
-34,7,273,277,-9,-198,-24,-236,-13,35
-48,10,280,287,-12,-208,-27,-183,-9,37
-42,14,273,275,6,-201,-61,-141,-3,34
-45,9,269,275,6,-201,-52,-100,-3,34
-50,11,270,278,3,-201,-28,-191,-3,34
-46,11,273,278,3,-201,-71,-208,8,34
-49,13,267,276,2,-190,-74,-183,25,34
-52,14,281,276,2,-190,-71,-332,25,33
-59,7,273,284,8,-207,17,-443,-4,33
-59,11,260,278,19,-200,-50,-356,16,35
-71,12,277,278,19,-200,-64,-366,21,36
-63,16,261,276,25,-194,-24,-363,-8,35
-76,16,262,276,25,-194,-22,-350,-23,37
-82,11,266,276,26,-186,-2,-371,-23,36
-90,7,265,276,27,-188,-44,-301,3,33
-102,7,267,276,27,-188,-106,-225,23,37
-98,9,267,272,37,-184,-105,-344,41,35
-95,11,254,272,44,-173,-22,-324,0,34
-101,14,246,272,44,-173,-13,-266,-19,37
-111,10,262,280,50,-184,-20,-301,-23,36
-109,13,251,280,50,-184,-17,-357,-35,37
-115,10,251,276,50,-182,1,-357,-26,34
-133,4,263,271,61,-184,-2,-385,-31,35
-125,13,249,271,61,-184,-35,-395,-23,38
-132,13,237,276,66,-182,-28,-386,-30,37
-139,13,242,271,72,-177,-5,-314,-35,37
-148,13,233,271,72,-177,-22,-252,-27,38
-138,12,239,273,80,-181,-41,-210,-21,37
-144,21,237,273,80,-181,-40,-221,-34,38
-149,14,237,271,79,-176,-3,-257,-25,36
-155,20,230,271,87,-176,-28,-286,-7,37
-147,19,223,271,87,-176,-29,-142,-19,38
-163,17,227,270,93,-178,-34,-138,-29,37
-164,14,236,269,88,-174,-97,-272,-8,37
-160,17,236,269,88,-174,-63,-399,-22,37
-163,20,217,273,99,-168,11,-428,-44,36
-183,16,219,268,99,-162,-19,-425,-12,38
-182,14,224,268,99,-162,22,-472,-15,36
-182,19,212,269,109,-163,44,-462,-35,38
-188,14,197,269,109,-163,3,-451,-16,37
-189,10,201,269,123,-164,-73,-317,137,38
-202,23,197,268,122,-153,-103,-183,39,39
-197,21,197,268,122,-153,-20,-207,-32,38
-201,17,198,278,122,-164,-41,-255,-25,38
-197,14,190,263,130,-145,3,-241,-48,37
-207,22,193,263,130,-145,12,-264,-53,37
-213,22,180,269,131,-145,11,-302,-77,38
-224,11,172,266,135,-145,-38,-328,-69,39
-221,24,182,266,135,-145,140,-375,-67,38
-227,23,175,271,139,-153,13,-325,-35,38
-228,22,171,256,150,-122,25,-315,-36,38
-227,25,163,256,150,-122,52,-350,-46,36
-234,35,167,263,156,-137,53,-337,-74,37
-232,28,152,263,156,-137,21,-315,-82,36
-232,31,161,263,156,-128,55,-409,-78,37
-247,29,152,255,160,-125,54,-504,-59,37
-241,29,139,255,160,-125,-45,-569,-15,38
-242,35,131,254,176,-124,11,-617,24,37
-255,32,130,251,172,-99,-28,-612,54,36
-258,27,119,251,172,-99,-112,-593,80,37
-255,37,112,264,168,-116,-82,-616,63,38
-252,32,104,251,181,-87,-62,-583,21,36
-267,28,97,251,181,-87,-63,-613,8,35
-260,28,90,255,190,-84,-67,-668,-18,37
-270,30,82,255,190,-84,11,-747,-57,35
-270,36,64,264,184,-80,70,-768,-108,37
-266,34,60,248,195,-44,-26,-714,-75,36
-281,31,50,248,195,-44,-17,-656,-53,37
-273,34,34,255,196,-48,-31,-598,-17,37
-282,29,40,255,206,-44,-93,-639,-6,35
-274,40,24,255,206,-44,-55,-519,-20,37
-276,33,10,251,207,-33,-29,-427,8,34
-273,41,11,251,207,-33,-75,-364,30,35
-278,25,0,254,199,-24,-102,-314,54,35
-279,37,-11,254,206,-20,-117,-154,110,37
-268,33,-8,254,206,-20,-52,-18,97,35
-272,34,-8,254,201,-16,-81,139,152,35
-280,33,-2,254,201,-16,-69,241,122,36
-282,29,2,249,195,-3,-82,378,114,34
-277,29,6,249,193,-2,-74,445,100,33
-275,23,4,249,193,-2,-81,514,96,33
-275,21,7,263,193,-30,-63,563,117,34
-280,21,36,263,193,-30,-34,623,96,35
-281,27,36,261,189,-34,-7,594,45,32
-254,22,39,256,184,-34,-47,602,72,34
-276,28,48,256,184,-34,-26,638,28,34
-265,17,69,259,182,-49,-19,611,-1,34
-276,21,63,259,182,-49,-10,667,25,35
-273,19,70,265,188,-66,-2,739,24,33
-256,24,79,261,176,-67,-3,716,2,33
-275,19,89,261,176,-67,-29,745,20,34
-263,19,86,265,174,-81,-54,773,29,35
-260,23,107,265,174,-81,-35,791,30,36
-259,20,119,270,170,-94,-46,838,36,34
-253,27,106,270,170,-94,-77,791,19,35
-255,19,131,261,167,-110,-67,816,9,35
-245,24,145,267,166,-116,-111,836,21,38
-236,20,154,267,166,-116,-143,865,47,38
-235,23,156,269,149,-123,-183,899,32,37
-216,20,170,265,138,-126,-232,958,54,38
-224,14,181,265,138,-126,-192,1040,47,38
-206,12,195,271,131,-136,-103,1098,40,39
-202,18,192,273,119,-153,-56,1063,7,37
-195,12,209,273,119,-153,-110,1044,-24,39
-181,10,217,271,110,-163,-41,919,-53,38
-167,15,219,275,100,-168,-58,879,-48,38
-164,12,244,275,100,-168,-73,813,-30,37
-148,14,226,273,89,-174,-75,746,3,35
-135,13,236,273,89,-174,-99,755,17,35
-137,11,232,267,84,-172,-84,741,30,36
-119,12,240,270,76,-180,-53,757,45,36
-113,17,247,270,76,-180,-10,750,13,35
-111,13,253,279,58,-196,59,653,-29,36
-104,15,254,279,58,-196,-2,626,-9,34
-88,16,249,270,51,-190,91,591,-51,34
-93,13,265,269,46,-193,-45,469,-33,35
-86,17,263,269,46,-193,16,460,-6,33
-85,11,265,269,41,-198,-66,585,33,35
-76,18,268,269,41,-198,-136,638,70,35
-70,12,284,270,21,-187,-93,512,54,35
-72,20,266,270,17,-188,-106,567,31,35
-57,14,258,270,17,-188,-87,586,38,35
-48,15,265,271,11,-195,80,477,-13,35
-46,15,272,271,11,-195,23,442,-33,34
-40,17,277,270,4,-201,-133,398,7,33
-36,18,275,270,5,-199,-38,416,33,32
-31,13,271,270,5,-199,-28,518,43,34
-31,16,274,269,-1,-196,-42,499,65,34
-23,12,273,269,-1,-196,-40,532,58,35
-17,16,277,273,-12,-195,20,516,29,35
-16,11,277,269,-20,-195,-17,388,-20,36
-8,16,267,269,-20,-195,36,451,25,34
-5,13,285,271,-23,-202,-116,452,50,35
-1,18,266,271,-23,-202,-134,364,53,36
11,17,266,267,-33,-199,6,419,71,31
18,13,278,268,-43,-187,-147,537,63,34
32,12,275,268,-43,-187,-81,536,78,35
41,10,260,271,-50,-190,68,699,24,33
48,11,270,271,-50,-190,6,759,8,32
44,11,268,267,-55,-180,47,609,-21,34
53,18,263,267,-55,-180,63,503,-49,35
62,15,263,269,-67,-188,-5,519,-27,34
69,16,271,269,-77,-189,-175,575,51,35
74,15,263,269,-77,-189,-258,656,120,37
68,13,247,267,-84,-183,-82,469,41,33
91,13,254,267,-84,-183,-218,390,23,35
93,16,243,265,-83,-165,-199,441,66,34
93,7,247,271,-87,-174,-155,569,26,34
99,7,241,271,-87,-174,-96,464,36,34
118,9,244,271,-100,-164,55,250,56,34
114,-1,256,271,-100,-164,-73,324,214,38
105,15,235,272,-105,-163,20,188,24,35
116,14,251,271,-110,-165,-316,229,-18,39
112,-1,240,271,-110,-165,-526,233,46,38
114,-1,246,271,-111,-158,-371,468,61,37
123,-9,246,272,-113,-135,-175,639,107,39
132,-6,231,272,-113,-135,-234,675,70,38
148,-14,224,279,-122,-144,-46,803,121,38
141,-3,219,279,-139,-137,148,701,96,37
161,2,219,279,-139,-137,82,657,80,34
156,-1,212,280,-138,-130,113,649,53,37
164,11,205,280,-138,-130,15,539,1,35
170,6,197,283,-148,-135,-101,541,-36,37
180,-4,197,276,-147,-109,-90,565,17,36
173,-4,186,276,-147,-109,-184,715,63,36
177,-4,174,270,-149,-107,-165,713,95,37
196,1,178,284,-167,-101,-94,587,94,35
198,7,182,284,-167,-101,-107,656,7,35
194,3,169,274,-168,-88,-96,633,15,35
217,-4,181,274,-168,-88,-81,584,-4,35
204,2,148,278,-165,-87,-34,563,26,35
209,-3,148,286,-180,-85,-58,495,39,36
219,-3,154,286,-180,-85,-26,610,119,36
220,6,132,274,-175,-72,71,592,55,34
221,1,131,274,-175,-72,-176,605,-25,36
236,2,121,277,-178,-62,-175,624,-12,37
229,-2,105,278,-179,-53,-62,720,9,35
235,-3,108,278,-179,-53,18,698,29,33
231,5,99,276,-178,-43,10,678,35,32
243,2,97,276,-178,-43,-96,721,4,32
240,2,87,273,-179,-42,-35,721,1,33
241,3,81,265,-180,-15,-41,610,-17,34
244,-11,81,265,-180,-15,-104,668,43,37
239,-2,69,276,-181,-22,-45,609,43,35
239,-2,58,276,-181,-22,-19,529,65,34
248,1,48,278,-184,-8,-84,608,77,33
249,5,45,268,-182,3,-49,664,63,30
267,4,40,268,-182,3,-53,633,67,32
252,0,33,271,-188,5,24,691,79,30
251,6,25,271,-188,5,1,752,79,30
245,3,18,266,-184,22,-52,809,57,32
252,0,7,266,-184,22,22,826,95,30
255,9,4,267,-179,36,68,792,73,29
248,5,-5,267,-179,36,4,728,0,30
249,4,-14,269,-180,32,-38,541,2,32
240,7,-16,269,-180,32,-3,226,28,33
259,9,-18,267,-177,36,-14,-188,35,34
272,6,-20,269,-188,37,-36,-560,-12,35
242,9,-7,269,-188,37,-95,-910,-85,34
258,-1,0,271,-185,24,-161,-992,-110,35
249,-3,17,271,-185,24,-66,-1017,-60,37
255,-1,33,271,-188,5,-114,-1034,-87,36
249,-12,47,273,-178,-2,-76,-917,-39,36
243,3,53,273,-178,-2,-86,-836,-67,35
244,0,70,272,-178,-16,-230,-838,-115,37
252,-18,80,272,-178,-16,-226,-698,-72,39
233,-9,90,275,-184,-27,-86,-765,-69,37
230,-7,97,275,-179,-29,-187,-700,-125,38
236,-18,108,275,-179,-29,-146,-627,-96,40
225,-4,112,281,-180,-40,-112,-627,-118,39
233,-23,129,283,-173,-52,-120,-628,-84,39
219,-24,138,283,-173,-52,-47,-659,-44,39
219,-22,139,277,-173,-56,-89,-756,-105,39
204,-24,151,283,-163,-67,-28,-739,-61,38
204,-26,161,283,-163,-67,-75,-721,-76,39
195,-30,175,283,-164,-75,-69,-806,-93,38
187,-34,177,287,-155,-87,11,-763,-108,39
178,-39,180,287,-155,-87,22,-748,-60,38
172,-25,186,284,-146,-92,-11,-789,-84,38
155,-40,222,286,-137,-106,-24,-717,-72,40
158,-28,206,286,-137,-106,-42,-678,-72,40
159,-31,217,283,-136,-111,-52,-747,-122,40
154,-45,220,289,-125,-116,-40,-764,-132,41
136,-34,242,289,-125,-116,15,-712,-109,40
121,-38,232,287,-118,-130,137,-801,-96,39
124,-29,233,287,-107,-142,99,-801,-82,39
105,-32,243,287,-107,-142,87,-724,-70,39
92,-23,247,287,-101,-144,60,-660,-51,37
85,-29,263,287,-91,-149,15,-581,-56,37
85,-29,251,287,-91,-149,108,-552,-58,37
67,-15,265,286,-80,-160,85,-607,-85,37
54,-19,265,287,-71,-166,95,-544,-65,37
48,-11,257,287,-71,-166,262,-570,-50,37
41,-5,264,280,-62,-166,185,-528,-68,37
34,-2,264,284,-45,-198,157,-445,-82,36
36,1,267,284,-45,-198,158,-385,-63,35
31,0,273,274,-47,-184,83,-302,-45,35
21,2,278,274,-47,-184,73,-295,-72,34
30,8,281,278,-43,-178,230,-446,-120,37
2,6,275,270,-38,-187,77,-362,-86,33
-1,10,273,270,-38,-187,90,-433,-83,35
-7,16,261,271,-22,-194,197,-470,-89,36
-19,10,275,271,-22,-194,-11,-301,-47,36
-14,10,277,271,-17,-195,-17,-274,-27,37
-9,19,265,262,-11,-181,33,-325,-61,35
-25,14,272,262,-11,-181,17,-202,-46,37
-31,12,275,269,-9,-194,-64,-70,-4,35
-24,16,270,269,-9,-194,-22,-87,-19,35
-31,13,275,272,1,-200,-234,-32,-7,35
-22,13,279,271,-3,-193,-479,170,30,35
-22,14,268,271,-3,-193,-134,4,35,34
-28,14,261,273,-8,-189,-165,83,29,35
-25,6,271,273,-8,-189,-147,98,21,33
-19,5,278,275,-6,-190,44,12,-63,32
-16,7,272,275,-4,-188,177,11,-148,33
-28,9,275,275,-4,-188,39,137,-201,35
-23,8,274,284,-6,-191,12,200,-260,34
-28,13,265,284,-6,-191,194,117,-326,37
-28,17,269,271,0,-200,232,126,-357,36
-28,21,270,263,9,-202,192,123,-384,35
-25,19,269,263,9,-202,66,155,-373,35
-17,19,278,260,10,-190,-8,181,-358,35
-7,20,273,260,10,-190,-73,53,-369,35
-16,18,263,273,11,-199,21,-178,-415,37
-23,19,277,265,26,-195,171,-144,-534,37
-22,16,291,265,26,-195,268,-92,-609,37
-23,35,260,258,32,-200,297,-215,-578,37
-20,23,278,249,45,-208,-12,-196,-528,38
-28,34,266,249,45,-208,-98,-155,-550,37
-34,22,277,249,56,-202,-126,-110,-566,37
-31,30,271,249,65,-200,-179,8,-426,35
-26,25,272,255,65,-200,-155,37,-502,35
-34,29,272,237,75,-196,-102,67,-474,36
-22,27,269,237,75,-196,-22,99,-512,36
-28,21,272,242,77,-202,56,-28,-548,35
-25,25,260,232,91,-186,-49,178,-645,37
-18,24,271,232,91,-186,-76,195,-685,36
-18,23,278,224,100,-188,204,-91,-811,37
-16,28,269,224,100,-188,263,-75,-868,38
-14,32,273,212,112,-206,69,-18,-756,36
-23,28,275,211,124,-212,21,-153,-737,38
-27,45,268,211,124,-212,-127,123,-691,39
-20,25,276,215,124,-218,-143,97,-653,37
-18,42,253,191,138,-212,-65,-76,-575,38
-26,41,269,191,138,-212,-219,31,-570,37
-16,26,275,186,137,-200,-92,-185,-690,38
-19,35,250,182,155,-210,-123,-272,-539,40
-21,28,273,182,155,-210,-219,-235,-630,39
-25,35,276,177,166,-200,-107,-332,-685,40
-37,44,275,171,173,-193,-163,-183,-617,40
-37,24,271,171,173,-193,-149,-47,-633,38
-35,28,272,158,184,-188,-197,-17,-597,39
-35,28,265,154,192,-188,-202,21,-589,38
-34,21,268,154,192,-188,-184,101,-641,38
-26,31,270,141,196,-187,-185,124,-718,39
-39,26,277,131,194,-167,-190,200,-733,39
-26,17,271,131,194,-167,-262,280,-786,38
-17,21,270,125,194,-190,-333,266,-834,39
-14,18,281,117,196,-198,-126,77,-922,37
-9,20,261,117,196,-198,-112,-25,-675,37
-20,17,282,107,201,-189,-130,58,-489,38
-24,13,265,107,201,-189,-196,125,-525,38
-7,10,254,90,197,-211,-153,21,-501,36
-16,11,276,91,199,-189,-237,8,-483,36
-26,6,271,91,199,-189,-152,-129,-530,37
-16,4,265,84,206,-192,-135,-198,-554,38
-27,6,280,77,208,-186,-92,-158,-597,36
-24,9,270,77,208,-186,-2,-134,-528,36
-28,8,271,65,217,-184,-61,-82,-370,35
-35,9,275,65,217,-184,-41,-11,-370,34
-25,-4,276,65,217,-184,-97,118,-195,37
-13,10,272,54,216,-184,-155,169,45,35
-25,5,279,54,216,-184,-64,213,210,35
-20,-6,268,53,207,-172,-43,76,374,35
-20,-1,274,68,207,-180,-4,-133,520,35
-29,14,263,68,207,-180,72,-21,565,35
-20,28,284,71,210,-180,367,-50,475,35
-32,6,260,71,210,-180,101,92,639,34
-22,17,271,79,216,-180,-269,62,870,35
-28,10,274,105,202,-188,-191,81,886,36
-29,6,279,105,202,-188,-157,112,903,37
-33,4,270,111,199,-173,-89,150,915,34
-26,-8,259,111,199,-173,-121,-20,897,37
-29,6,280,131,201,-176,-107,-84,771,36
-24,5,271,137,198,-165,-88,82,749,34
-25,-3,285,137,198,-165,-71,36,752,36
-26,-7,262,153,192,-172,-93,20,707,35
-34,2,272,153,192,-172,-158,80,781,36
-25,-12,266,166,182,-170,-139,-19,811,39
-26,-9,278,194,171,-188,97,-47,771,35
-42,-15,275,194,171,-188,58,-6,697,36
-19,6,275,191,171,-170,103,-58,774,35
-28,1,264,209,162,-190,70,8,820,33
-33,2,283,209,162,-190,-54,9,776,33
-26,-19,258,207,157,-184,214,-51,567,38
-25,14,266,207,157,-184,204,92,689,35
-24,7,264,214,151,-184,-49,355,700,34
-24,2,275,221,144,-188,-57,215,590,36
-24,12,265,221,144,-188,49,96,610,34
-21,11,270,223,134,-188,112,-12,608,37
-24,-2,266,223,134,-188,59,-81,665,36
-34,8,276,238,114,-198,16,-189,710,35
-22,16,266,242,114,-184,26,-137,806,37
-32,1,271,242,114,-184,11,-83,768,34
-31,15,273,242,116,-188,-50,-162,746,38
-26,14,266,242,116,-188,-50,-138,599,38
-38,12,263,253,95,-181,97,-150,528,35
-40,10,264,253,91,-178,37,-189,610,36
-43,0,286,253,91,-178,40,-182,558,34
-54,12,279,259,89,-186,88,-103,545,36
-40,13,278,256,82,-168,-98,44,589,34
-47,12,291,256,82,-168,-227,260,629,35
-37,-7,260,268,64,-173,-99,409,693,36
-33,11,252,268,64,-173,-159,326,812,36
-35,9,287,269,53,-174,-139,319,657,36
-20,1,272,281,40,-186,-11,249,486,35
-30,-2,278,281,40,-186,1,-18,406,33
-31,3,268,278,29,-184,86,-132,355,35
-26,1,269,278,29,-184,49,-132,400,34
-37,-1,274,279,34,-190,19,-169,459,36
-40,0,276,267,24,-168,-54,-222,482,35
-45,9,270,267,24,-168,-183,-178,522,36
-40,-4,262,279,14,-178,-120,37,551,35
-41,0,278,279,14,-178,-58,-65,491,33
-40,6,281,281,6,-180,66,-237,333,34
-49,-2,270,281,9,-184,105,-162,331,35
-43,7,274,281,9,-184,-63,-45,440,34
-47,-11,275,279,-4,-184,20,-32,496,36
-51,6,266,279,-4,-184,-66,38,573,33
-51,-8,273,281,-4,-187,-77,-2,655,35
-53,3,280,277,-17,-180,-48,-39,606,35
-49,5,277,277,-17,-180,8,-140,577,35
-53,-4,274,282,-25,-180,17,-242,470,36
-64,2,278,282,-25,-180,83,-178,456,34
-57,-12,273,288,-37,-197,-76,-153,549,38
-64,-30,270,278,-36,-188,-32,-198,589,37
-69,-7,258,278,-36,-188,-70,-245,598,37
-60,-2,268,280,-49,-197,178,-30,527,36
-70,-15,256,265,-53,-190,309,-46,504,37
-62,7,261,265,-53,-190,80,200,440,35
-69,-11,269,260,-62,-188,483,38,426,36
-57,2,267,260,-62,-188,436,-97,412,36
-59,10,271,255,-66,-198,163,154,380,37
-61,8,257,249,-68,-200,197,-20,453,35
-75,10,269,249,-68,-200,61,31,547,35
-69,8,259,239,-78,-203,-2,59,682,33
-69,5,269,239,-78,-203,-84,72,767,35
-62,9,281,236,-86,-225,-114,3,743,34
-59,7,272,235,-95,-203,72,-10,681,34
-62,2,282,235,-95,-203,74,161,757,34
-64,12,264,228,-109,-204,79,58,768,34
-63,2,272,228,-109,-204,129,163,854,37
-67,11,274,208,-115,-201,-44,345,855,37
-57,9,271,207,-129,-199,-164,350,734,37
-46,6,261,207,-129,-199,-58,143,648,37
-70,-9,256,202,-143,-197,-30,297,545,37
-45,-14,271,193,-150,-197,234,217,552,39
-48,9,274,193,-150,-197,333,123,524,37
-43,-11,281,184,-162,-203,210,111,576,38
-28,-14,267,171,-161,-210,292,78,720,38
-53,10,269,171,-161,-210,389,123,631,37
-42,16,274,155,-173,-208,95,153,577,36
-38,15,278,155,-173,-208,-94,269,461,38
-36,9,262,153,-180,-198,-58,79,494,35
-44,12,282,142,-183,-206,-23,12,476,37
-32,9,269,142,-183,-206,-27,77,608,36
-51,13,275,131,-186,-206,51,1,586,34
-43,10,287,133,-194,-220,-191,131,461,39
-27,6,283,133,-194,-220,-221,163,505,37
-42,5,266,121,-194,-205,208,-202,531,38
-35,2,257,108,-190,-203,190,-100,474,38
-46,18,277,108,-190,-203,112,-9,513,36
-46,10,283,102,-198,-196,-43,15,496,37
-40,12,258,102,-198,-196,-38,125,508,36
-45,15,287,89,-193,-207,-68,133,560,35
-27,7,257,83,-196,-202,-125,124,665,36
-39,-1,277,83,-196,-202,176,-131,648,37
-41,17,270,72,-196,-199,-96,75,653,36
-51,4,279,64,-197,-206,-134,71,599,35
-51,5,267,64,-197,-206,-212,180,350,36
-39,6,273,60,-199,-207,-246,212,316,37
-37,0,265,60,-199,-207,-249,238,133,36
-36,-10,279,62,-200,-202,-27,95,-75,37
-33,-13,270,58,-197,-199,21,27,-172,37
-37,2,265,58,-197,-199,-66,-17,-288,36
-36,-5,273,70,-204,-205,-28,-109,-329,39
-34,7,274,61,-196,-187,90,-129,-425,36
-40,2,276,61,-196,-187,76,-78,-502,36
-45,8,279,76,-196,-203,31,-149,-552,37
-47,14,269,76,-196,-203,-215,38,-703,37
-37,6,273,83,-193,-197,-238,166,-764,38
-31,-1,270,107,-196,-213,89,70,-713,36
-42,11,265,107,-196,-213,165,53,-885,37
-39,11,265,111,-193,-199,-45,246,-977,39
-41,-6,241,128,-193,-197,-132,329,-947,39
-32,7,281,128,-193,-197,77,29,-922,36
-31,13,263,136,-184,-196,-173,269,-869,40
-32,-1,278,148,-181,-198,-81,46,-783,37
-34,-2,282,148,-181,-198,-194,83,-685,39
-31,8,268,172,-182,-203,-65,-35,-682,38
-34,13,277,175,-176,-201,-95,51,-625,37
-31,8,280,175,-176,-201,-202,101,-726,39
-29,7,261,184,-162,-195,-77,69,-787,35
-29,9,275,184,-162,-195,-90,74,-831,36
-30,5,277,194,-149,-193,141,-118,-806,38
-27,0,292,200,-145,-201,34,-94,-704,35
-38,22,266,200,-145,-201,-147,-68,-657,40
-37,16,274,207,-141,-197,-256,134,-707,40
-32,17,252,220,-133,-200,-149,191,-776,38
-28,12,282,220,-133,-200,-176,257,-935,39
-22,3,273,231,-125,-193,-192,315,-847,38
-27,16,263,244,-120,-184,-123,274,-841,38
-17,12,278,244,-120,-184,-149,310,-815,40
-15,0,281,249,-105,-187,-104,223,-797,38
-12,6,269,255,-95,-183,-88,104,-855,35
-13,1,274,255,-95,-183,-107,82,-819,36
-9,-8,270,258,-86,-180,-88,8,-736,33
-9,-2,253,267,-69,-180,-78,-135,-761,38
-17,-1,269,267,-69,-180,-172,-79,-731,39
-18,-6,265,279,-59,-180,-136,-46,-723,38
-23,-17,262,275,-45,-184,-47,-73,-689,39
-31,-14,268,275,-45,-184,-46,62,-627,37
-23,5,256,272,-30,-180,-35,138,-477,37
-9,6,270,272,-30,-180,-102,214,-408,37
-29,4,269,281,-25,-178,-88,321,-369,36
-27,-13,273,276,-26,-172,-53,267,-252,39
-14,8,274,276,-26,-172,108,89,-299,35
-26,5,265,279,-17,-180,178,-215,-87,36
-11,-17,265,282,-25,-178,276,-370,16,38
-25,9,314,282,-25,-178,158,-579,74,35
-28,22,285,271,-8,-190,169,-338,-133,38
-31,7,254,271,-8,-190,22,-329,-105,36
-43,23,292,276,-5,-188,-238,146,-173,37
-41,-21,250,279,2,-189,-378,-37,-254,38
-23,-5,286,279,2,-189,-938,263,-113,36
-30,-31,302,284,-2,-178,-1254,794,-111,40
-24,-43,246,310,-10,-162,-803,417,-53,39
-17,-50,287,310,-10,-162,-422,199,9,36
-16,-52,274,307,-4,-150,-89,248,-57,37
-10,-54,270,308,-12,-144,178,0,8,32
-7,-47,281,308,-12,-144,293,-28,-24,35
-21,-33,275,296,-9,-152,37,28,-69,34
-15,-47,276,296,-9,-152,-506,15,-72,36
-18,-40,278,314,-14,-163,-659,20,-103,39
-18,-54,275,303,0,-146,-77,-63,-151,37
-28,-47,265,303,0,-146,22,-54,-71,34
-20,-48,252,311,6,-145,-232,78,-10,36
-19,-60,261,311,6,-145,-399,107,2,34
-17,-63,256,311,6,-145,-480,179,28,36
-21,-67,282,317,0,-137,-604,203,31,35
-11,-83,259,317,0,-137,-414,123,6,34
-14,-74,249,319,-2,-121,-349,51,-1,36
-11,-82,264,332,-1,-127,-330,-35,-14,37
-21,-88,252,332,-1,-127,-494,24,-3,36
-17,-87,263,319,-2,-110,-619,-19,-18,37
-15,-110,245,319,-2,-110,-492,-6,-30,37
-18,-100,242,322,3,-103,-342,-128,-21,39
-21,-102,253,324,8,-77,-435,-149,-53,36
-26,-114,248,324,8,-77,-424,-259,-74,37
-30,-112,242,335,4,-86,-515,-89,-20,36
-22,-115,239,331,3,-68,-398,-94,-1,34
-27,-137,246,331,3,-68,-563,-51,20,36
-31,-143,241,331,5,-58,-420,-103,32,36
-26,-134,229,331,5,-58,-455,-66,57,36
-29,-141,231,342,-5,-52,-437,-44,41,37
-32,-143,224,335,6,-42,-491,43,80,34
-28,-150,226,335,6,-42,-479,29,78,35
-25,-155,216,335,1,-34,-507,0,-8,33
-36,-164,213,335,1,-34,-387,-136,-47,38
-30,-159,214,341,-3,-28,-390,-88,-31,38
-33,-174,213,337,2,-20,-351,-119,-40,37
-26,-167,208,337,2,-20,-288,-154,-52,38
-38,-177,202,343,8,-17,-344,-170,-39,37
-47,-169,205,338,2,-9,-331,-141,-20,36
-50,-181,210,338,2,-9,-368,-113,31,36
-40,-184,188,336,4,12,-544,23,76,32
-51,-194,206,336,4,12,-514,59,97,34
-42,-199,189,344,1,12,-549,65,68,33
-43,-203,181,339,6,26,-539,95,45,34
-35,-207,181,339,6,26,-513,114,39,34
-43,-200,178,343,0,32,-521,121,51,34
-37,-218,185,343,0,32,-412,-7,-35,35
-45,-208,166,334,1,46,-737,-72,-88,35
-41,-210,160,330,1,54,-679,-47,-88,36
-38,-223,155,330,1,54,-470,-27,-52,35
-40,-224,151,325,-1,62,-583,126,-11,36
-42,-220,145,325,-1,62,-669,217,66,35
-37,-245,135,322,5,80,-403,107,22,33
-40,-216,137,319,2,88,-421,225,57,35
-38,-239,122,319,2,88,-986,358,89,34
-32,-231,101,314,9,103,-436,76,23,35
-50,-238,121,314,9,103,-325,29,-17,36
-32,-242,103,299,8,126,-755,133,71,35
-28,-231,98,302,7,120,-531,34,-39,35
-42,-233,96,302,7,120,-310,-36,-22,35
-33,-244,96,296,7,131,-722,66,-80,35
-43,-251,81,296,7,131,-435,-95,-63,35
-43,-261,77,287,8,146,-378,-193,-68,35
-37,-250,80,283,8,146,-519,-159,-92,36
-42,-246,72,283,8,146,-837,11,-74,33
-45,-248,70,274,2,154,-592,-20,-74,36
-38,-243,36,268,-4,168,-518,-129,-112,38
-45,-257,68,268,-4,168,-450,1,1,32
-39,-263,39,268,-3,180,-549,56,41,35
-42,-254,34,268,-3,180,-564,133,-26,36
-43,-257,44,251,7,182,-188,83,-63,35
-50,-253,26,250,1,191,-218,90,-73,34
-47,-258,18,250,1,191,-142,164,-39,36
-52,-255,25,254,6,190,-127,50,-20,35
-43,-261,32,254,6,190,-121,129,-22,35
-43,-255,12,243,14,181,-153,153,19,35
-41,-269,32,239,12,200,87,114,39,32
-37,-249,20,239,12,200,258,180,20,35
-50,-257,47,252,14,185,565,56,-18,34
-51,-273,36,252,14,185,502,73,-5,33
-50,-248,45,258,18,176,922,-155,135,37
-46,-265,63,278,5,156,799,-103,82,34
-39,-252,64,278,5,156,255,88,65,33
-50,-257,85,276,11,151,234,139,54,34
-39,-245,68,276,11,151,341,47,67,33
-48,-251,79,286,14,137,315,-4,67,32
-37,-248,94,286,14,137,384,33,30,33
-41,-239,92,287,3,135,480,124,45,34
-42,-249,93,298,11,121,407,50,47,33
-41,-243,96,298,11,121,313,88,26,34
-44,-242,101,300,8,120,383,119,48,34
-33,-247,109,300,8,120,410,79,40,34
-39,-235,118,305,11,113,497,81,56,34
-39,-236,125,305,6,107,673,15,8,32
-44,-236,135,315,6,107,581,24,24,34
-36,-227,153,327,3,89,718,58,5,31
-42,-222,141,327,3,89,729,28,-2,33
-31,-209,145,330,0,70,487,61,58,32
-46,-215,162,330,0,70,438,90,47,33
-31,-216,154,338,1,62,412,115,58,33
-38,-214,172,338,1,62,526,144,68,33
-38,-208,183,323,3,45,391,102,23,32
-45,-220,177,334,9,38,321,158,41,34
-38,-200,175,334,9,38,535,119,21,34
-33,-193,185,336,2,35,620,107,-14,34
-41,-202,186,336,2,35,660,115,-3,34
-30,-182,198,336,14,8,651,183,7,32
-31,-175,202,336,14,8,689,98,-32,34
-37,-168,195,338,8,2,442,168,31,31
-31,-163,216,337,7,-16,638,196,64,34
-32,-171,209,337,7,-16,757,100,41,34
-29,-149,222,340,1,-28,886,161,49,34
-32,-143,231,340,1,-28,1021,228,72,36
-15,-122,209,341,4,-51,1091,-19,20,35
-45,-120,253,331,8,-71,397,72,70,34
-25,-120,258,331,8,-71,290,174,87,34
-23,-120,242,331,7,-90,443,25,73,34
-24,-109,256,331,7,-90,338,31,86,34
-23,-107,257,323,-1,-97,539,-20,40,34
-31,-96,273,320,-1,-98,646,-26,4,33
-27,-88,267,320,-1,-98,856,-3,-26,34
-29,-84,252,315,7,-122,354,37,85,34
-21,-61,256,315,7,-122,521,191,142,35
-25,-69,252,310,6,-130,741,-24,39,35
-33,-54,279,310,6,-130,503,50,54,34
-20,-58,263,310,6,-130,445,133,46,34
-21,-40,287,296,3,-139,688,175,22,35
-17,-38,252,296,3,-139,620,213,72,33
-15,-33,270,288,-1,-165,483,131,60,35
-24,-15,299,288,-1,-165,402,301,86,34
-8,-12,241,286,-7,-179,702,45,90,33
-15,-5,273,278,-6,-188,459,32,82,34
-18,9,283,278,-6,-188,368,248,101,34
-16,8,259,268,-6,-196,608,9,87,32
-17,11,295,268,-6,-196,512,126,97,34
-21,31,279,270,-16,-206,371,456,128,37
21,36,248,249,-17,-209,723,-26,61,34
-11,37,282,249,-17,-209,658,15,52,33
-14,45,260,236,-13,-223,469,164,80,35
-6,55,264,236,-13,-223,787,-19,49,33
-14,68,279,224,-21,-228,808,73,54,35
-11,70,279,212,-27,-232,489,447,30,35
17,81,255,212,-27,-232,639,344,-69,36
2,81,247,208,-30,-254,863,-73,7,33
-8,100,262,208,-30,-254,376,39,72,34
2,92,232,185,-24,-245,303,67,84,33
0,101,262,183,-27,-248,783,-148,105,36
-1,107,252,183,-27,-248,456,-15,104,37
-4,123,230,169,-24,-264,529,-120,75,36
-11,135,246,169,-24,-264,642,-57,33,35
-6,133,223,151,-19,-259,619,29,29,34
6,140,245,138,-25,-257,726,53,2,32
-6,165,226,138,-25,-257,630,166,-2,36
-7,151,218,123,-18,-270,781,56,-32,35
-2,171,216,123,-18,-270,584,111,-42,37
-5,172,210,99,-20,-264,590,39,-16,35
0,183,199,89,-16,-276,444,71,2,31
-3,184,197,89,-16,-276,391,-7,41,34
-5,182,204,81,-19,-272,449,1,38,32
-3,191,190,81,-19,-272,324,78,53,33
-5,193,198,71,-20,-274,558,-15,40,34
-1,205,197,71,-20,-274,533,51,51,34
-8,193,191,46,-15,-264,691,99,34,33
8,207,181,41,-19,-276,956,-40,17,33
-8,226,152,41,-19,-276,594,85,40,34
3,218,154,30,-24,-286,421,25,59,32
-8,221,153,30,-24,-286,606,22,71,34
-13,228,140,6,-20,-264,508,140,35,33
2,224,159,-2,-25,-267,379,93,22,32
-5,239,116,-2,-25,-267,338,51,47,33
1,242,129,-7,-23,-264,180,88,71,33
-10,233,135,-7,-23,-264,348,117,35,36
-4,232,135,-18,-15,-270,536,132,-2,35
-4,247,117,-18,-15,-270,437,118,-9,36
-9,248,120,-29,-20,-264,401,151,-29,36
-3,251,124,-49,-25,-247,432,159,-6,36
-2,251,103,-49,-25,-247,306,203,40,36
-14,245,98,-40,-33,-246,416,202,44,35
-1,246,101,-40,-33,-246,357,129,24,35
2,262,86,-56,-29,-238,347,71,43,31
-6,244,98,-67,-32,-245,556,176,46,35
-2,250,74,-67,-32,-245,577,174,6,33
-8,251,81,-80,-30,-220,709,149,-7,35
-3,258,51,-80,-30,-220,402,109,12,35
2,268,56,-88,-38,-228,63,-12,42,32
14,269,53,-95,-28,-228,-292,-98,92,36
8,258,65,-95,-28,-228,-408,-114,105,36
-3,260,78,-91,-25,-216,-339,-100,71,37
-6,259,65,-91,-25,-216,-323,-46,32,36
0,275,71,-78,-27,-232,-755,-45,35,33
-11,235,97,-68,-23,-245,-460,-15,40,37
-8,258,82,-68,-23,-245,-560,27,49,34
-6,235,105,-59,-21,-244,-539,69,60,36
-8,240,93,-59,-21,-244,-450,27,51,34
-3,259,104,-49,-30,-248,-499,-16,52,36
-18,232,118,-36,-25,-256,-638,5,40,36
-17,239,117,-36,-25,-256,-794,150,92,37
-5,223,125,-24,-22,-260,-784,203,50,37
2,246,151,-17,-24,-254,-329,-60,-62,37
-14,238,138,-17,-24,-254,-218,-86,-20,38
-13,232,141,-4,-17,-269,-128,-7,-64,37
-14,235,136,-4,-17,-269,-320,-18,-76,37
-14,229,138,-7,-23,-277,-400,-29,-82,38
-14,220,150,7,-21,-266,-416,-10,-92,37
-13,224,157,7,-21,-266,-357,20,-79,35
-9,224,163,16,-20,-272,-612,70,-33,36
8,221,155,36,-30,-286,-578,66,-46,33
-11,213,164,36,-30,-286,-395,40,12,35
-7,215,167,34,-22,-273,-556,42,30,35
-8,215,180,34,-22,-273,-524,58,36,34
-12,203,176,48,-23,-272,-523,26,-10,37
-10,189,181,61,-21,-272,-655,-23,-33,37
-9,194,193,61,-21,-272,-496,-7,-50,36
-13,186,199,69,-15,-276,-313,-54,-69,38
-3,192,181,82,-25,-269,-322,-102,-62,37
-15,185,210,82,-25,-269,-632,-18,44,37
-14,181,200,87,-12,-276,-503,-17,-9,36
-7,184,205,87,-12,-276,-642,56,6,34
-14,165,218,99,-21,-264,-734,185,-26,38
-14,160,223,109,-15,-258,-589,183,-50,38
-7,156,225,109,-15,-258,-523,134,-44,38
-12,141,232,123,-20,-269,-557,99,-36,38
-6,158,229,137,-21,-271,-622,23,-42,36
-13,137,239,137,-21,-271,-598,-7,-17,38
-12,130,236,149,-17,-269,-790,-70,0,36
-10,119,242,149,-17,-269,-744,-113,67,39
-12,111,237,167,-18,-264,-648,-161,43,39
-13,102,258,178,-24,-252,-331,-160,27,38
-18,107,241,178,-24,-252,-303,-155,11,39
-17,101,244,178,-14,-248,-472,-167,-11,40
-17,94,252,192,-10,-240,-430,-253,-50,38
-25,82,259,192,-10,-240,-410,-111,-17,39
-22,81,258,202,2,-246,-523,1,-14,32
-21,74,246,209,-5,-232,-785,34,-40,35
-23,69,268,209,-5,-232,-744,-50,-71,37
-27,64,267,227,-1,-233,-489,-128,-44,37
-32,54,270,227,12,-228,-452,-120,-34,38
-29,50,275,227,12,-228,-310,-210,-30,37
-36,49,276,235,4,-220,-251,-134,15,35
-35,46,263,235,4,-220,-296,-93,23,35
-38,45,269,250,2,-223,-480,-63,39,34
-34,43,272,254,5,-212,-432,71,48,34
-42,35,264,254,5,-212,-404,103,19,34
-39,24,262,255,5,-206,-269,-20,-37,36
-42,26,276,255,5,-206,-216,-172,-25,37
-44,20,265,258,5,-197,-123,40,32,33
-44,20,273,262,9,-202,-170,89,61,33
-38,23,259,262,9,-202,-116,-53,91,34
-40,19,286,264,7,-202,-204,142,45,35
-40,13,261,264,7,-202,-360,95,34,33
-38,13,276,263,8,-196,-101,60,25,34
-34,16,282,263,8,-196,-131,95,20,34
-35,20,279,267,7,-197,-355,176,-1,34
-40,10,286,271,8,-198,-80,97,-27,34
-39,12,299,271,8,-198,22,60,-21,31
-39,13,282,277,-2,-197,33,106,-21,34
-32,15,282,277,-2,-197,40,97,-33,33
-35,11,276,266,5,-196,-52,82,-21,34
-33,13,272,278,-4,-206,-60,75,-8,34
-30,14,270,278,-4,-206,-31,60,0,32
-29,14,267,268,2,-193,5,56,-27,32
-32,13,264,268,2,-193,199,34,-63,33
-37,19,270,260,2,-189,73,154,-48,33
-30,20,257,260,2,-189,-42,148,-13,33
-27,23,265,267,5,-196,-84,94,-2,33
-17,16,255,261,6,-198,-145,203,29,34
-27,20,271,261,6,-198,-124,153,38,35
-24,21,272,260,-4,-189,-95,41,0,33
-28,21,265,260,-4,-189,-12,21,-22,34
-28,15,287,272,-1,-199,-24,35,3,33
-22,21,274,272,-1,-199,-69,13,3,31
-26,20,272,265,-3,-196,-66,6,13,32
-37,22,273,260,5,-200,48,-57,47,32
-31,24,276,260,5,-200,8,-24,51,32
-29,15,287,269,-2,-196,10,24,34,32
-29,22,271,269,-2,-196,-61,17,13,34
-29,16,273,260,2,-190,-5,57,-12,32
-27,17,276,260,2,-190,-29,109,-6,32
-28,15,277,263,-1,-200,-93,102,-5,34
-26,18,274,266,1,-196,-46,69,-19,33
-22,17,277,266,1,-196,-64,39,-16,34
-34,15,273,261,-1,-197,-96,144,-2,34
-27,24,279,261,-1,-197,-47,84,-6,34
-25,21,266,267,3,-204,-40,41,1,31
-24,15,278,267,3,-204,-70,77,6,32
-22,15,277,273,-3,-198,-15,45,9,32
-24,21,275,275,-3,-202,-24,10,4,32
-24,17,273,275,-3,-202,-76,38,13,34
-22,16,276,265,-4,-194,-41,61,25,33
-22,20,273,265,-4,-194,-69,77,15,34
-26,19,273,268,-12,-191,-71,14,4,33
-22,15,274,268,-12,-191,-39,44,22,35
-25,17,268,270,-1,-196,-73,66,23,33
-32,14,281,273,-6,-198,-53,14,-1,32
-30,18,277,273,-6,-198,-36,52,-6,33
-28,12,269,267,-2,-196,-14,52,14,33
-26,19,271,267,-2,-196,-76,102,12,35
-24,13,267,264,-8,-197,-66,90,10,33
-24,13,279,264,-8,-197,-42,53,-3,34
-21,16,275,267,-11,-206,-64,52,2,33
-29,17,272,266,1,-200,-73,47,15,33
-28,16,265,266,1,-200,-44,16,21,31
-25,19,278,269,-8,-196,-71,67,2,31
-19,20,276,269,-8,-196,-53,59,-20,35
-26,17,272,271,-3,-194,-14,9,-15,33
-19,13,278,271,-3,-194,-32,23,-26,35
-27,17,260,270,1,-204,-55,6,-22,32
-26,13,271,269,-2,-193,-39,16,8,33
-22,13,282,269,-2,-193,1,6,13,29
-22,15,272,273,-1,-196,-27,11,-3,33
-25,18,268,273,-1,-196,-69,34,2,32
-21,13,274,269,0,-200,-33,53,5,31
-23,17,268,269,0,-200,-44,81,5,32
-17,15,267,267,0,-199,-38,90,1,31
-24,16,273,267,-5,-199,-54,103,3,34
-27,13,273,265,-5,-188,-51,78,5,31
-21,12,275,269,-4,-196,-68,89,30,34
-24,19,270,269,-4,-196,-66,62,28,33
-26,15,280,268,-2,-196,-44,-1,18,34
-25,16,281,268,-2,-196,-39,-21,13,34
-26,14,278,269,-1,-201,-51,36,22,33
-26,13,283,269,-7,-199,-76,39,23,34
-23,14,269,269,-7,-199,-67,79,14,33
-20,16,273,267,0,-196,-52,73,24,32
-18,15,272,267,0,-196,-68,30,9,30
-21,11,282,261,-7,-181,-56,38,-18,35
-23,15,274,261,-7,-181,-36,66,-6,33
-20,17,275,267,-4,-193,-89,105,0,34
-21,13,268,264,-6,-182,-70,66,7,32
-21,16,271,264,-6,-182,-18,20,-1,33
-24,0,280,268,-10,-187,-44,36,20,34
-20,13,277,268,-10,-187,-42,-6,27,33
-22,13,274,271,-2,-193,-47,12,16,33
-25,9,282,271,-2,-193,-57,23,13,32
-24,15,271,270,-3,-194,-56,56,15,34
-27,16,272,265,-9,-202,-85,92,4,32
-20,20,273,265,-9,-202,-24,97,-10,35
-27,15,271,277,-8,-192,-45,118,8,34
-24,10,269,277,-8,-192,-45,80,11,33
-22,17,264,260,-6,-183,-67,2,8,31
-25,15,269,260,-6,-183,-37,-42,21,34
-27,15,272,271,-8,-194,-18,-42,27,35
-22,20,270,268,1,-196,-60,-25,11,33
-26,14,267,268,1,-196,-98,84,4,32
-21,13,277,272,-1,-198,-67,99,10,33
-22,6,281,272,-1,-198,-31,113,10,34
-18,17,265,269,-9,-194,4,37,1,30
-24,18,266,269,-9,-194,-32,72,5,31
-18,19,263,266,-11,-197,-76,32,3,34
-22,19,267,268,-6,-184,-26,21,-10,34
-25,12,282,268,-6,-184,-24,18,0,33
-22,14,276,267,-9,-194,-46,53,6,32
-24,11,278,267,-9,-194,-34,36,3,33
-16,19,268,271,-2,-199,-5,42,-4,31
-21,18,265,271,-2,-199,-49,28,-3,33
-21,17,273,267,-9,-199,-73,3,6,31
-27,18,270,271,-13,-201,-69,9,16,33
-22,16,274,271,-13,-201,-39,11,9,34
-23,13,266,270,-3,-196,-50,-2,-6,33
-26,8,271,270,-3,-196,-66,-11,5,33
-24,12,269,276,-9,-194,-42,43,25,33
-23,19,272,276,-9,-194,-55,84,34,33
-24,13,277,269,-3,-200,-39,34,3,31
-22,15,269,271,-7,-196,-22,57,3,33
-24,14,275,271,-7,-196,-74,107,0,33
-22,12,272,274,0,-194,-55,82,-13,33
-25,11,273,274,0,-194,-38,10,-17,34
-22,13,280,277,-6,-193,-74,-64,-28,35
-24,20,267,277,-6,-193,-66,-121,-24,37
-27,10,274,271,-5,-195,-60,-46,5,33
-29,15,271,285,-8,-208,-93,115,40,34
-25,14,274,285,-8,-208,-92,126,33,34
-27,14,277,272,-11,-193,-69,46,17,34
-22,9,270,272,-11,-193,-59,21,6,33
-25,12,273,273,-1,-193,-8,28,10,32
-27,13,273,275,-4,-196,-32,25,16,34
-29,12,277,275,-4,-196,-35,-1,7,32
-33,12,270,279,-5,-193,-61,19,9,33
-29,7,276,279,-5,-193,-16,-13,17,32
-25,16,271,279,-4,-192,-21,-18,17,35
-28,16,274,279,-4,-192,-42,28,8,33
-26,12,271,274,-2,-193,-14,22,18,33
-30,11,277,271,5,-196,-3,43,12,32
-26,12,271,271,5,-196,-50,36,7,31
-27,10,284,273,-6,-194,-55,48,17,34
-28,9,277,273,-6,-194,-40,64,17,31
-29,14,276,273,-3,-193,-26,70,-4,34
-28,18,264,273,-3,-193,-59,94,-11,34
-25,11,280,280,-10,-199,-27,73,-5,35
-30,16,271,273,-3,-200,-70,56,0,33
-25,15,270,273,-3,-200,-26,27,0,32
-29,13,276,273,1,-200,-47,5,10,32
-25,12,278,273,1,-200,-54,-16,7,31
-32,10,279,271,-5,-193,-26,-22,6,33
-29,12,271,271,-5,-193,-19,31,4,32
-25,11,271,274,-6,-188,-74,73,5,33
-34,12,272,274,-6,-188,-36,9,2,31
-34,15,268,285,-1,-200,-35,6,8,32
-19,10,278,266,-2,-187,-71,52,7,32
-25,14,273,266,-2,-187,-49,31,-6,32
-32,13,277,270,-3,-193,-23,35,-1,33
-30,15,276,270,-3,-193,-35,102,0,33
-29,19,276,271,-7,-197,-84,85,-3,34
-30,9,276,271,-7,-197,-42,26,-1,32
-28,13,277,271,-4,-194,22,42,11,33
-23,22,256,271,-3,-195,-50,35,0,32
-27,8,281,271,-3,-195,-81,24,-1,32
-26,9,276,268,0,-185,-33,18,6,29
-29,9,277,268,0,-185,6,30,15,30
-28,16,276,271,-2,-200,-56,30,12,33
-22,11,277,271,-2,-200,-47,15,6,32
-29,14,269,271,-4,-196,-22,26,16,34
-29,14,267,271,-4,-196,-20,17,6,32
-24,12,271,280,-12,-196,-47,27,-2,34
-35,5,278,279,-5,-192,-2,27,7,29
-22,9,272,279,-5,-192,12,49,27,32
-26,12,267,266,-5,-190,5,85,2,30
-28,16,269,266,-5,-190,-84,61,-1,34
-29,18,266,269,2,-200,-89,72,5,31
-26,15,276,269,2,-200,-12,22,12,32
-28,17,277,271,-5,-196,-28,5,11,31
-26,10,276,271,-5,-196,-42,10,4,32
-29,10,275,270,3,-196,-55,-4,19,33
-26,14,275,266,0,-193,-54,3,23,31
-27,12,277,266,0,-193,-38,14,24,33
-30,10,269,268,6,-200,-32,29,10,32
-23,8,278,268,6,-200,-69,77,-14,32
-28,12,273,271,-3,-194,-109,116,-17,36
-30,8,274,271,-3,-194,-32,92,-18,34
-28,15,270,280,-11,-192,-40,96,-10,35
-29,3,269,263,3,-183,-41,59,-3,31
-24,17,277,263,3,-183,-47,16,12,33
-29,10,274,272,2,-196,-49,9,10,31
-29,17,271,272,2,-196,-21,-40,3,33
-28,14,280,279,-2,-194,-53,-10,8,32
-27,14,274,279,-2,-194,-41,10,23,34
-24,14,267,275,-4,-198,-77,26,23,33
-26,13,277,282,-9,-208,-99,89,20,34
-33,14,273,282,-9,-208,-56,152,19,34
-21,13,276,275,1,-190,-84,150,13,33
-23,7,262,275,1,-190,-30,161,-7,33
-29,9,265,277,-8,-191,-57,141,0,31
-21,15,273,277,-8,-191,-63,56,7,32
-21,13,268,275,-5,-192,-30,-22,4,33
-15,-4,253,270,-3,-196,-19,-19,25,35
-25,14,269,270,-3,-196,-6,-34,26,33
-24,12,276,270,0,-192,-44,-27,2,33
-28,12,262,270,0,-192,-41,14,1,31
-29,12,275,272,-1,-191,-37,64,19,33
-23,14,275,272,-1,-191,-67,65,6,32
-26,12,277,273,0,-196,-39,40,-23,32
-29,11,269,272,-2,-190,-24,75,-12,35
-20,12,265,272,-2,-190,-43,91,-24,34
-26,12,268,280,-9,-201,-62,78,-33,35
-21,7,271,280,-9,-201,-75,101,-1,33
-24,10,273,276,-9,-190,-73,47,18,34
-24,15,276,275,-5,-190,-70,23,26,34
-21,11,283,275,-5,-190,-49,2,31,31
-25,12,282,273,-7,-194,-46,-21,35,34
-20,16,264,273,-7,-194,-18,9,21,32
-21,14,279,272,-3,-192,-14,26,4,33
-25,11,277,272,-3,-192,-19,20,-7,33
-30,9,277,268,-2,-185,-49,73,-9,33
-27,16,271,268,-2,-185,-54,144,-2,34
-24,10,271,277,-5,-192,-27,105,-1,34
-18,8,267,277,-6,-194,-24,54,-9,32
-22,7,271,277,-6,-194,-77,94,0,30
-19,5,278,273,-5,-193,-59,52,30,33
-21,9,279,273,-5,-193,-48,-47,49,33
-18,13,274,271,-8,-193,10,-86,64,34
-24,8,277,271,-2,-177,-45,-72,39,33
-28,13,277,264,-2,-177,-36,8,17,33
-18,18,277,271,-5,-193,-45,53,3,31
-25,15,272,271,-5,-193,-29,65,-19,34
-30,9,271,280,-8,-207,13,47,-3,31
-29,12,269,280,-8,-207,-4,117,17,33
-27,15,273,269,4,-198,-14,109,11,34
-26,18,277,269,4,-198,-43,73,-4,32
